%YAML:1.0
---
image_width: 1920
image_height: 1080
camera_name: narrow_stereo
camera_matrix: !!opencv-matrix
  rows: 3
  cols: 3
  dt: d
  data: [44336.99278,     0.     ,  1004.24865,
             0.     , 47489.02056,  -432.4263 ,
             0.     ,     0.     ,     1.     ]
distortion_model: plumb_bob
distortion_coefficients: !!opencv-matrix
  rows: 1
  cols: 5
  dt: d
  data: [37.079428, -12753.108988, -0.354298, 0.074203, 0.000000]
rectification_matrix: !!opencv-matrix
  rows: 3
  cols: 3
  dt: d
  data: [1., 0., 0.,
         0., 1., 0.,
         0., 0., 1.]
projection_matrix: !!opencv-matrix
  rows: 3
  cols: 4
  dt: d
  data: [44759.88281,     0.     ,  1008.12971,     0.     ,
             0.     , 47250.41406,  -436.85489,     0.     ,
             0.     ,     0.     ,     1.     ,     0.     ]
